22259
21874
21325
20852
20201
19901
19510
19224
18532
17998
17708
17317
16887
16623
16220
15711
15657
15289
14922
14561
14199
13806
13386
13397
13073
12548
12365
12063
11688
11511
11389
11193
10832
10560
10360
10091
10040
9658
9335
9218
9052
8687
8726
8515
8193
8057
7712
7632
7569
7395
7231
7007
6985
6749
6538
6417
6207
6173
6058
5868
5657
5638
5432
5393
5297
5245
5081
5049
4774
4666
4646
4446
4365
4319
4145
4185
4052
4053
3833
3795
3691
3570
3456
3461
3366
3351
3214
3203
3118
3062
2938
2900
2902
2782
2658
2579
2538
2395
2522
2322
2385
2272
2277
2152
2201
2034
2075
1960
1986
1954
1899
1879
1836
1731
1662
1671
1632
1557
1574
1559
1456
1484
1502
1436
1396
1362
1334
1362
1307
1196
1178
1243
1181
1077
1026
1052
1047
1051
1007
1032
963
887
922
892
844
887
801
796
763
770
751
718
692
685
682
722
652
706
615
614
626
644
617
563
494
546
558
483
515
491
499
484
463
444
448
452
437
400
425
407
396
379
404
361
331
333
342
320
324
323
317
300
315
274
274
281
283
286
262
266
240
239
223
243
199
209
224
205
202
216
219
188
204
186
169
199
157
172
171
157
137
170
154
166
144
123
145
130
123
132
137
127
104
117
97
113
113
95
98
122
101
77
88
97
77
97
80
87
92
101
86
76
71
82
83
61
73
72
83
66
57
53
64
57
65
56
59
59
43
45
49
46
61
51
31
47
43
53
49
61
37
44
31
37
37
33
25
38
30
39
42
31
30
28
32
22
33
31
30
29
38
22
26
23
23
17
13
17
20
25
25
26
16
19
21
