22051
21538
20939
20556
19982
19863
19088
18771
18472
18220
17639
17430
16883
16585
16109
15904
15436
14961
14720
14490
14111
13693
13339
13244
13055
12577
12355
12167
11673
11472
11348
10981
10894
10571
10564
10231
9782
9485
9421
9321
9173
8888
8586
8403
8217
8267
7958
7642
7519
7335
7254
7067
7037
6809
6567
6409
6277
6303
6026
5942
5787
5721
5467
5407
5287
5147
5058
5045
4682
4772
4659
4582
4499
4377
4189
4169
4181
3912
3872
3657
3782
3644
3474
3430
3446
3236
3196
3128
3088
3007
3015
2893
2861
2776
2687
2634
2587
2558
2523
2424
2399
2331
2333
2199
2132
2131
2094
2077
1949
1928
1903
1870
1809
1749
1714
1679
1692
1653
1618
1527
1609
1538
1474
1477
1459
1435
1296
1292
1289
1244
1195
1213
1173
1159
1110
1151
1076
1029
1014
967
1050
920
950
875
849
911
897
852
809
812
811
742
766
756
710
717
712
650
701
638
619
619
600
582
565
550
500
517
483
446
512
469
428
465
454
426
471
414
432
403
386
399
416
387
378
359
396
318
341
319
325
330
309
273
294
284
295
282
272
261
257
259
235
261
205
247
217
215
191
214
206
210
224
206
191
175
150
196
155
187
169
164
145
162
164
156
143
139
137
137
156
115
124
135
132
122
121
115
118
113
100
99
94
95
101
83
79
91
92
96
87
80
87
71
90
83
82
77
61
79
62
65
61
63
56
61
63
59
52
45
68
62
44
60
57
50
51
39
46
47
42
38
37
46
50
32
40
42
46
23
29
46
27
30
26
35
27
37
27
27
36
22
23
28
26
25
23
25
20
22
18
19
20
15
12
