21
21
30
23
15
14
11
24
22
19
12
11
16
13
13
15
13
14
14
15
12
16
15
8
16
16
12
13
14
15
9
9
10
5
14
10
11
9
11
11
11
6
16
4
10
11
10
11
12
9
8
5
6
11
10
7
5
13
7
2
6
4
8
7
7
4
4
7
1
3
5
3
5
3
6
4
3
4
5
3
6
3
1
3
9
5
4
2
3
3
4
4
1
5
5
2
3
1
3
3
0
3
4
3
1
0
2
2
1
3
1
2
6
2
1
1
1
1
1
2
2
0
1
0
1
0
1
0
0
2
0
1
1
1
0
2
2
0
2
0
0
0
0
3
0
1
3
0
0
1
1
0
0
1
1
2
0
0
0
0
0
0
0
1
1
0
0
1
1
2
0
0
1
0
0
0
1
1
0
0
0
0
0
0
0
0
0
1
0
1
0
1
1
1
0
0
0
0
0
0
0
0
0
0
0
0
0
0
0
1
0
0
1
0
1
0
1
0
0
0
0
0
0
0
1
1
0
0
0
0
0
1
0
0
0
0
0
0
0
1
0
0
0
1
0
0
0
0
0
0
0
0
0
0
0
0
1
0
0
0
0
0
0
0
0
0
0
0
0
0
0
0
0
0
0
0
0
0
0
0
0
0
0
0
0
0
0
0
0
0
0
0
0
0
0
0
0
0
0
0
0
0
1
0
0
0
0
1
0
0
0
0
0
0
0
