0.021997186352927623
0.04351093773639695
0.06455187866237717
0.08513040014658314
0.10525666484005233
0.12494061204794447
0.14419196263804238
0.16302022384137804
0.18143469394735473
0.19944446689568385
0.2170584367674042
0.23428530217720128
0.25113357056919666
0.26761156241832756
0.2837274153393923
0.2994890881057914
0.3149043645799474
0.3299808575573457
0.3447260125260947
0.3591471113438611
0.37325127583399736
0.3870454713026357
0.40053650997848744
0.41373105437704477
0.4266356205908475
0.43925658150743846
0.4516001699565987
0.4636724817884141
0.47547947888369596
0.48702699209824096
0.49832072414238404
0.5093662523972684
0.5201690316692201
0.5307343968835915
0.5410675657193997
0.5511736411860654
0.5610576141435198
0.5707243657669296
0.5801786699572519
0.5894251956988141
0.5984685093650796
0.6073130769737398
0.615963266392246
0.6244233494948693
0.6326975042723554
0.6407898168952144
0.6487042837316666
0.6564448133212375
0.6640152283049816
0.6714192673132837
0.6786605868121712
0.6857427629090519
0.692669293118765
0.6994435980908199
0.7060690232986757
0.712548840691895
0.7188862503119866
0.7250843818727404
0.7311462963058262
0.7370749872724287
0.7428733826416588
0.7485443459364745
0.754090677747825
0.7595151171177147
0.7648203428918727
0.7700089750426942
0.7750835759631064
0.780046651732001
0.7849006533518541
0.7896479779591478
0.7942909700081898
0.7988319224289171
0.8032730777592528
0.8076166292525779
0.8118647219608646
0.816019453794004
0.8200828765558542
0.8240569969575182
0.8279437776083534
0.8317451379852007
0.8354629553803141
0.8390990658284561
0.8426552650136191
0.8461333091558197
0.849534915878403
0.8528617650562867
0.8561154996455637
0.8592977264948708
0.8624100171389277
0.8654539085746354
0.8684309040201175
0.8713424736570813
0.8741900553568637
0.8769750553905195
0.8796988491233051
0.8823627816938997
0.884968168678698
0.8875162967415042
0.8900084242689488
0.892445781991938
0.8948295735934485
0.8971609763029624
0.8994411414778396
0.9016711951719124
0.9038522386915843
0.9059853491397077
0.9080715799475083
0.9101119613948193
0.9121075011188827
0.9140591846119683
0.9159679757080567
0.9178348170588261
0.9196606305991786
0.9214463180025354
0.9231927611261259
0.924900822446491
0.9265713454854143
0.9282051552264937
0.9298030585225576
0.9313658444941266
0.9328942849191191
0.9343891346139919
0.935851131806504
0.9372809985002891
0.9386794408314151
0.9400471494171069
0.9413847996968069
0.9426930522657391
0.9439725532011415
0.9452239343813305
0.946447813797752
0.9476447958601755
0.9488154716951793
0.9499604194380782
0.9510802045184329
0.9521753799392868
0.9532464865502648
0.9542940533146707
0.9553185975707145
0.9563206252869979
0.9573006313123866
0.9582590996203896
0.959196503548168
0.9601133060302923
0.9610099598273605
0.9618869077495934
0.9627445828755149
0.9635834087658273
0.964403799672585
0.9652061607437725
0.9659908882233851
0.9667583696471134
0.9675089840337268
0.9682431020722506
0.9689610863050304
0.9696632913067724
0.9703500638596493
0.9710217431245574
0.9716786608086111
0.9723211413289553
0.9729495019729778
0.9735640530550008
0.9741650980695296
0.9747529338411316
0.9753278506710229
0.975890132480433
0.9764400569508181
0.9769778956609937
0.977503914221253
0.978018372404538
0.9785215242747278
0.9790136183121068
0.9794948975360765
0.9799655996251707
0.9804259570344311
0.9808761971102055
0.981316542202422
0.9817472097743961
0.9821684125102242
0.9825803584198172
0.9829832509416256
0.9833772890431072
0.9837626673189866
0.9841395760873554
0.98450820148366
0.9848687255526247
0.9852213263381534
0.9855661779712565
0.985903450756045
0.9862333112538346
0.9865559223654021
0.9868714434114327
0.987180030211201
0.9874818351595213
0.9877770073020075
0.9880656924086793
0.9883480330459499
0.9886241686470325
0.9888942355807986
0.9891583672191235
0.9894166940027521
0.9896693435057163
0.9899164404983373
0.9901581070088425
0.9903944623836303
0.9906256233462074
0.9908517040548335
0.9910728161588972
0.9912890688540547
0.9915005689361551
0.9917074208539818
0.9919097267608334
0.9921075865649732
0.9923010979789673
0.9924903565679403
0.99267545579677
0.9928564870762446
0.9930335398082062
0.9932067014297004
0.9933760574561582
0.993541691523627
0.9937036854300744
0.9938621191757828
0.9940170710028591
0.9941686174338731
0.994316833309648
0.9944617918262214
0.9946035645709915
0.9947422215580716
0.9948778312628658
0.9950104606558853
0.9951401752358222
0.9952670390618952
0.9953911147854855
0.9955124636810769
0.995631145676516
0.9957472193826077
0.9958607421220593
0.9959717699577901
0.9960803577206173
0.9961865590363341
0.9962904263521932
0.996392010962807
0.9964913630354798
0.9965885316349825
0.9966835647477834
0.9967765093057461
0.9968674112093066
0.9969563153501412
0.997043265633336
0.9971283049990695
0.9972114754438184
0.9972928180410976
0.9973723729617439
0.9974501794937547
0.9975262760616901
0.9976007002456484
0.9976734887998256
0.9977446776706661
0.9978143020146143
0.9978823962154776
0.9979489939014052
0.9980141279614971
0.9980778305620448
0.998140133162417
0.9982010665305965
0.9982606607583734
0.9983189452762073
0.9983759488677607
0.9984316996841136
0.9984862252576665
0.9985395525157365
0.9985917077938559
0.9986427168487774
0.9986926048711945
0.9987413964981814
0.9987891158253603
0.998835786418801
0.9988814313266583
0.9989260730905553
0.9989697337567146
0.9990124348868462
0.999054197568796
0.9990950424269591
0.9991349896324659
0.9991740589131436
0.9992122695632578
0.9992496404530421
0.9992861900380161
0.9993219363681006
0.9993568970965306
0.9993910894885738
0.9994245304300571
0.999457236435705
0.9994892236572964
0.99952050789164
0.9995511045883763
0.9995810288576068
0.9996102954773566
0.9996389189008723
0.9996669132637593
0.9996942923909635
0.999721069803598
0.9997472587256204
0.999772872090364
0.9997979225469246
0.999822422466407
0.9998463839480348
0.9998698188251255
0.999892738670934
0.9999151548043684
0.9999370782955802
0.9999585199714298
0.9999794904208352
1.0
